Nr_Pairs = 50
Nr_NDD = 0
0	0.2
1	0.2
2	0.2
3	0.2
4	0.2
5	0.2
6	0.2
7	0.2
8	0.2
9	0.2
10	0.2
11	0.2
12	0.2
13	0.2
14	0.2
15	0.2
16	0.2
17	0.2
18	0.2
19	0.2
20	0.2
21	0.2
22	0.2
23	0.2
24	0.2
25	0.2
26	0.2
27	0.2
28	0.2
29	0.2
30	0.2
31	0.2
32	0.2
33	0.2
34	0.2
35	0.2
36	0.2
37	0.2
38	0.2
39	0.2
40	0.2
41	0.2
42	0.2
43	0.2
44	0.2
45	0.2
46	0.2
47	0.2
48	0.2
49	0.2
(0,1), 0.2, 1
(0,2), 0.2, 1
(0,3), 0.2, 1
(0,5), 0.2, 1
(0,6), 0.2, 1
(0,7), 0.2, 1
(0,8), 0.2, 1
(0,9), 0.2, 1
(0,10), 0.2, 1
(0,11), 0.2, 1
(0,12), 0.2, 1
(0,14), 0.2, 1
(0,16), 0.2, 1
(0,17), 0.2, 1
(0,18), 0.2, 1
(0,19), 0.2, 1
(0,20), 0.2, 1
(0,22), 0.2, 1
(0,23), 0.2, 1
(0,24), 0.2, 1
(0,25), 0.2, 1
(0,27), 0.2, 1
(0,28), 0.2, 1
(0,29), 0.2, 1
(0,30), 0.2, 1
(0,33), 0.2, 1
(0,34), 0.2, 1
(0,35), 0.2, 1
(0,40), 0.2, 1
(0,41), 0.2, 1
(0,42), 0.2, 1
(0,45), 0.2, 1
(0,48), 0.2, 1
(1,7), 0.2, 1
(1,12), 0.2, 1
(1,17), 0.2, 1
(1,48), 0.2, 1
(2,0), 0.2, 1
(2,7), 0.2, 1
(2,12), 0.2, 1
(2,17), 0.2, 1
(2,32), 0.2, 1
(2,48), 0.2, 1
(4,0), 0.2, 1
(4,1), 0.2, 1
(4,2), 0.2, 1
(4,3), 0.2, 1
(4,5), 0.2, 1
(4,6), 0.2, 1
(4,7), 0.2, 1
(4,8), 0.2, 1
(4,9), 0.2, 1
(4,10), 0.2, 1
(4,11), 0.2, 1
(4,12), 0.2, 1
(4,13), 0.2, 1
(4,14), 0.2, 1
(4,16), 0.2, 1
(4,17), 0.2, 1
(4,18), 0.2, 1
(4,19), 0.2, 1
(4,20), 0.2, 1
(4,22), 0.2, 1
(4,23), 0.2, 1
(4,24), 0.2, 1
(4,25), 0.2, 1
(4,27), 0.2, 1
(4,28), 0.2, 1
(4,29), 0.2, 1
(4,34), 0.2, 1
(4,35), 0.2, 1
(4,37), 0.2, 1
(4,38), 0.2, 1
(4,40), 0.2, 1
(4,41), 0.2, 1
(4,42), 0.2, 1
(4,44), 0.2, 1
(4,45), 0.2, 1
(4,46), 0.2, 1
(4,48), 0.2, 1
(6,0), 0.2, 1
(6,7), 0.2, 1
(6,12), 0.2, 1
(6,17), 0.2, 1
(6,32), 0.2, 1
(6,48), 0.2, 1
(7,1), 0.2, 1
(7,2), 0.2, 1
(7,5), 0.2, 1
(7,13), 0.2, 1
(7,25), 0.2, 1
(7,29), 0.2, 1
(7,40), 0.2, 1
(8,0), 0.2, 1
(8,1), 0.2, 1
(8,2), 0.2, 1
(8,3), 0.2, 1
(8,5), 0.2, 1
(8,6), 0.2, 1
(8,7), 0.2, 1
(8,9), 0.2, 1
(8,10), 0.2, 1
(8,11), 0.2, 1
(8,12), 0.2, 1
(8,13), 0.2, 1
(8,14), 0.2, 1
(8,15), 0.2, 1
(8,16), 0.2, 1
(8,17), 0.2, 1
(8,18), 0.2, 1
(8,19), 0.2, 1
(8,20), 0.2, 1
(8,22), 0.2, 1
(8,23), 0.2, 1
(8,24), 0.2, 1
(8,25), 0.2, 1
(8,27), 0.2, 1
(8,28), 0.2, 1
(8,29), 0.2, 1
(8,30), 0.2, 1
(8,33), 0.2, 1
(8,34), 0.2, 1
(8,35), 0.2, 1
(8,40), 0.2, 1
(8,41), 0.2, 1
(8,42), 0.2, 1
(8,44), 0.2, 1
(8,45), 0.2, 1
(8,48), 0.2, 1
(9,1), 0.2, 1
(9,2), 0.2, 1
(9,5), 0.2, 1
(9,13), 0.2, 1
(9,25), 0.2, 1
(9,29), 0.2, 1
(9,40), 0.2, 1
(10,1), 0.2, 1
(10,2), 0.2, 1
(10,4), 0.2, 1
(10,5), 0.2, 1
(10,13), 0.2, 1
(10,25), 0.2, 1
(10,29), 0.2, 1
(10,40), 0.2, 1
(11,1), 0.2, 1
(11,2), 0.2, 1
(11,4), 0.2, 1
(11,5), 0.2, 1
(11,13), 0.2, 1
(11,25), 0.2, 1
(11,29), 0.2, 1
(11,40), 0.2, 1
(13,1), 0.2, 1
(13,2), 0.2, 1
(13,5), 0.2, 1
(13,29), 0.2, 1
(13,39), 0.2, 1
(13,40), 0.2, 1
(14,1), 0.2, 1
(14,2), 0.2, 1
(14,4), 0.2, 1
(14,5), 0.2, 1
(14,13), 0.2, 1
(14,25), 0.2, 1
(14,29), 0.2, 1
(14,40), 0.2, 1
(15,0), 0.2, 1
(15,1), 0.2, 1
(15,2), 0.2, 1
(15,3), 0.2, 1
(15,5), 0.2, 1
(15,6), 0.2, 1
(15,7), 0.2, 1
(15,8), 0.2, 1
(15,9), 0.2, 1
(15,10), 0.2, 1
(15,11), 0.2, 1
(15,12), 0.2, 1
(15,13), 0.2, 1
(15,16), 0.2, 1
(15,17), 0.2, 1
(15,18), 0.2, 1
(15,19), 0.2, 1
(15,20), 0.2, 1
(15,22), 0.2, 1
(15,23), 0.2, 1
(15,24), 0.2, 1
(15,25), 0.2, 1
(15,27), 0.2, 1
(15,28), 0.2, 1
(15,29), 0.2, 1
(15,30), 0.2, 1
(15,34), 0.2, 1
(15,35), 0.2, 1
(15,38), 0.2, 1
(15,40), 0.2, 1
(15,41), 0.2, 1
(15,42), 0.2, 1
(15,44), 0.2, 1
(15,45), 0.2, 1
(15,46), 0.2, 1
(15,48), 0.2, 1
(15,49), 0.2, 1
(17,1), 0.2, 1
(17,2), 0.2, 1
(17,4), 0.2, 1
(17,5), 0.2, 1
(17,25), 0.2, 1
(17,29), 0.2, 1
(17,40), 0.2, 1
(18,1), 0.2, 1
(18,2), 0.2, 1
(18,4), 0.2, 1
(18,5), 0.2, 1
(18,13), 0.2, 1
(18,25), 0.2, 1
(18,29), 0.2, 1
(18,40), 0.2, 1
(19,1), 0.2, 1
(19,2), 0.2, 1
(19,5), 0.2, 1
(19,13), 0.2, 1
(19,25), 0.2, 1
(19,29), 0.2, 1
(19,40), 0.2, 1
(20,0), 0.2, 1
(20,1), 0.2, 1
(20,2), 0.2, 1
(20,3), 0.2, 1
(20,5), 0.2, 1
(20,6), 0.2, 1
(20,7), 0.2, 1
(20,8), 0.2, 1
(20,9), 0.2, 1
(20,10), 0.2, 1
(20,11), 0.2, 1
(20,12), 0.2, 1
(20,13), 0.2, 1
(20,14), 0.2, 1
(20,16), 0.2, 1
(20,17), 0.2, 1
(20,18), 0.2, 1
(20,19), 0.2, 1
(20,22), 0.2, 1
(20,23), 0.2, 1
(20,24), 0.2, 1
(20,25), 0.2, 1
(20,27), 0.2, 1
(20,28), 0.2, 1
(20,29), 0.2, 1
(20,30), 0.2, 1
(20,31), 0.2, 1
(20,32), 0.2, 1
(20,34), 0.2, 1
(20,35), 0.2, 1
(20,40), 0.2, 1
(20,41), 0.2, 1
(20,42), 0.2, 1
(20,44), 0.2, 1
(20,45), 0.2, 1
(20,48), 0.2, 1
(21,0), 0.2, 1
(21,7), 0.2, 1
(21,12), 0.2, 1
(21,17), 0.2, 1
(21,31), 0.2, 1
(21,32), 0.2, 1
(21,48), 0.2, 1
(21,49), 0.2, 1
(22,1), 0.2, 1
(22,2), 0.2, 1
(22,5), 0.2, 1
(22,13), 0.2, 1
(22,25), 0.2, 1
(22,29), 0.2, 1
(22,39), 0.2, 1
(22,40), 0.2, 1
(23,0), 0.2, 1
(23,7), 0.2, 1
(23,12), 0.2, 1
(23,17), 0.2, 1
(23,32), 0.2, 1
(23,48), 0.2, 1
(24,0), 0.2, 1
(24,7), 0.2, 1
(24,12), 0.2, 1
(24,17), 0.2, 1
(24,48), 0.2, 1
(24,49), 0.2, 1
(25,1), 0.2, 1
(25,2), 0.2, 1
(25,5), 0.2, 1
(25,13), 0.2, 1
(25,29), 0.2, 1
(25,40), 0.2, 1
(26,1), 0.2, 1
(26,2), 0.2, 1
(26,4), 0.2, 1
(26,5), 0.2, 1
(26,13), 0.2, 1
(26,25), 0.2, 1
(26,29), 0.2, 1
(26,40), 0.2, 1
(27,0), 0.2, 1
(27,1), 0.2, 1
(27,2), 0.2, 1
(27,3), 0.2, 1
(27,4), 0.2, 1
(27,5), 0.2, 1
(27,6), 0.2, 1
(27,7), 0.2, 1
(27,9), 0.2, 1
(27,10), 0.2, 1
(27,11), 0.2, 1
(27,12), 0.2, 1
(27,13), 0.2, 1
(27,14), 0.2, 1
(27,16), 0.2, 1
(27,17), 0.2, 1
(27,18), 0.2, 1
(27,20), 0.2, 1
(27,22), 0.2, 1
(27,23), 0.2, 1
(27,25), 0.2, 1
(27,29), 0.2, 1
(27,30), 0.2, 1
(27,32), 0.2, 1
(27,33), 0.2, 1
(27,34), 0.2, 1
(27,35), 0.2, 1
(27,36), 0.2, 1
(27,37), 0.2, 1
(27,38), 0.2, 1
(27,40), 0.2, 1
(27,41), 0.2, 1
(27,42), 0.2, 1
(27,44), 0.2, 1
(27,45), 0.2, 1
(27,48), 0.2, 1
(27,49), 0.2, 1
(28,1), 0.2, 1
(28,2), 0.2, 1
(28,5), 0.2, 1
(28,13), 0.2, 1
(28,25), 0.2, 1
(28,29), 0.2, 1
(28,40), 0.2, 1
(29,0), 0.2, 1
(29,7), 0.2, 1
(29,12), 0.2, 1
(29,17), 0.2, 1
(29,32), 0.2, 1
(29,48), 0.2, 1
(29,49), 0.2, 1
(30,0), 0.2, 1
(30,7), 0.2, 1
(30,12), 0.2, 1
(30,17), 0.2, 1
(30,32), 0.2, 1
(30,48), 0.2, 1
(31,0), 0.2, 1
(31,1), 0.2, 1
(31,2), 0.2, 1
(31,3), 0.2, 1
(31,4), 0.2, 1
(31,5), 0.2, 1
(31,6), 0.2, 1
(31,7), 0.2, 1
(31,8), 0.2, 1
(31,9), 0.2, 1
(31,10), 0.2, 1
(31,11), 0.2, 1
(31,12), 0.2, 1
(31,13), 0.2, 1
(31,14), 0.2, 1
(31,16), 0.2, 1
(31,17), 0.2, 1
(31,18), 0.2, 1
(31,19), 0.2, 1
(31,20), 0.2, 1
(31,22), 0.2, 1
(31,23), 0.2, 1
(31,25), 0.2, 1
(31,26), 0.2, 1
(31,27), 0.2, 1
(31,28), 0.2, 1
(31,29), 0.2, 1
(31,30), 0.2, 1
(31,33), 0.2, 1
(31,34), 0.2, 1
(31,35), 0.2, 1
(31,36), 0.2, 1
(31,39), 0.2, 1
(31,40), 0.2, 1
(31,41), 0.2, 1
(31,42), 0.2, 1
(31,44), 0.2, 1
(31,45), 0.2, 1
(31,46), 0.2, 1
(31,48), 0.2, 1
(32,1), 0.2, 1
(32,2), 0.2, 1
(32,5), 0.2, 1
(32,13), 0.2, 1
(32,25), 0.2, 1
(32,29), 0.2, 1
(32,40), 0.2, 1
(34,0), 0.2, 1
(34,7), 0.2, 1
(34,12), 0.2, 1
(34,17), 0.2, 1
(34,32), 0.2, 1
(34,48), 0.2, 1
(34,49), 0.2, 1
(35,1), 0.2, 1
(35,2), 0.2, 1
(35,5), 0.2, 1
(35,13), 0.2, 1
(35,25), 0.2, 1
(35,29), 0.2, 1
(35,40), 0.2, 1
(36,0), 0.2, 1
(36,1), 0.2, 1
(36,2), 0.2, 1
(36,3), 0.2, 1
(36,4), 0.2, 1
(36,5), 0.2, 1
(36,6), 0.2, 1
(36,9), 0.2, 1
(36,10), 0.2, 1
(36,11), 0.2, 1
(36,12), 0.2, 1
(36,13), 0.2, 1
(36,14), 0.2, 1
(36,15), 0.2, 1
(36,16), 0.2, 1
(36,17), 0.2, 1
(36,18), 0.2, 1
(36,19), 0.2, 1
(36,20), 0.2, 1
(36,22), 0.2, 1
(36,23), 0.2, 1
(36,25), 0.2, 1
(36,27), 0.2, 1
(36,28), 0.2, 1
(36,29), 0.2, 1
(36,30), 0.2, 1
(36,33), 0.2, 1
(36,34), 0.2, 1
(36,35), 0.2, 1
(36,39), 0.2, 1
(36,40), 0.2, 1
(36,41), 0.2, 1
(36,42), 0.2, 1
(36,44), 0.2, 1
(36,45), 0.2, 1
(36,46), 0.2, 1
(36,48), 0.2, 1
(36,49), 0.2, 1
(37,0), 0.2, 1
(37,1), 0.2, 1
(37,2), 0.2, 1
(37,3), 0.2, 1
(37,4), 0.2, 1
(37,5), 0.2, 1
(37,6), 0.2, 1
(37,7), 0.2, 1
(37,9), 0.2, 1
(37,10), 0.2, 1
(37,11), 0.2, 1
(37,12), 0.2, 1
(37,13), 0.2, 1
(37,14), 0.2, 1
(37,15), 0.2, 1
(37,16), 0.2, 1
(37,17), 0.2, 1
(37,18), 0.2, 1
(37,19), 0.2, 1
(37,20), 0.2, 1
(37,22), 0.2, 1
(37,23), 0.2, 1
(37,24), 0.2, 1
(37,25), 0.2, 1
(37,27), 0.2, 1
(37,28), 0.2, 1
(37,29), 0.2, 1
(37,30), 0.2, 1
(37,32), 0.2, 1
(37,33), 0.2, 1
(37,34), 0.2, 1
(37,35), 0.2, 1
(37,36), 0.2, 1
(37,40), 0.2, 1
(37,41), 0.2, 1
(37,44), 0.2, 1
(37,45), 0.2, 1
(37,46), 0.2, 1
(37,48), 0.2, 1
(37,49), 0.2, 1
(38,0), 0.2, 1
(38,7), 0.2, 1
(38,12), 0.2, 1
(38,17), 0.2, 1
(38,32), 0.2, 1
(38,48), 0.2, 1
(39,0), 0.2, 1
(39,1), 0.2, 1
(39,2), 0.2, 1
(39,3), 0.2, 1
(39,5), 0.2, 1
(39,7), 0.2, 1
(39,9), 0.2, 1
(39,10), 0.2, 1
(39,11), 0.2, 1
(39,12), 0.2, 1
(39,13), 0.2, 1
(39,14), 0.2, 1
(39,16), 0.2, 1
(39,17), 0.2, 1
(39,18), 0.2, 1
(39,19), 0.2, 1
(39,20), 0.2, 1
(39,22), 0.2, 1
(39,23), 0.2, 1
(39,24), 0.2, 1
(39,25), 0.2, 1
(39,27), 0.2, 1
(39,28), 0.2, 1
(39,29), 0.2, 1
(39,30), 0.2, 1
(39,33), 0.2, 1
(39,34), 0.2, 1
(39,35), 0.2, 1
(39,37), 0.2, 1
(39,40), 0.2, 1
(39,41), 0.2, 1
(39,42), 0.2, 1
(39,44), 0.2, 1
(39,45), 0.2, 1
(39,48), 0.2, 1
(39,49), 0.2, 1
(40,0), 0.2, 1
(40,7), 0.2, 1
(40,12), 0.2, 1
(40,17), 0.2, 1
(40,48), 0.2, 1
(41,1), 0.2, 1
(41,2), 0.2, 1
(41,5), 0.2, 1
(41,13), 0.2, 1
(41,25), 0.2, 1
(41,29), 0.2, 1
(41,40), 0.2, 1
(42,1), 0.2, 1
(42,2), 0.2, 1
(42,4), 0.2, 1
(42,5), 0.2, 1
(42,13), 0.2, 1
(42,25), 0.2, 1
(42,29), 0.2, 1
(42,40), 0.2, 1
(43,1), 0.2, 1
(43,2), 0.2, 1
(43,4), 0.2, 1
(43,5), 0.2, 1
(43,13), 0.2, 1
(43,25), 0.2, 1
(43,29), 0.2, 1
(43,40), 0.2, 1
(44,1), 0.2, 1
(44,2), 0.2, 1
(44,4), 0.2, 1
(44,5), 0.2, 1
(44,13), 0.2, 1
(44,25), 0.2, 1
(44,29), 0.2, 1
(44,40), 0.2, 1
(45,0), 0.2, 1
(45,7), 0.2, 1
(45,12), 0.2, 1
(45,17), 0.2, 1
(45,31), 0.2, 1
(45,32), 0.2, 1
(45,43), 0.2, 1
(45,48), 0.2, 1
(45,49), 0.2, 1
(46,0), 0.2, 1
(46,1), 0.2, 1
(46,2), 0.2, 1
(46,3), 0.2, 1
(46,5), 0.2, 1
(46,6), 0.2, 1
(46,7), 0.2, 1
(46,9), 0.2, 1
(46,10), 0.2, 1
(46,11), 0.2, 1
(46,13), 0.2, 1
(46,14), 0.2, 1
(46,16), 0.2, 1
(46,17), 0.2, 1
(46,18), 0.2, 1
(46,19), 0.2, 1
(46,20), 0.2, 1
(46,22), 0.2, 1
(46,23), 0.2, 1
(46,24), 0.2, 1
(46,25), 0.2, 1
(46,27), 0.2, 1
(46,28), 0.2, 1
(46,29), 0.2, 1
(46,30), 0.2, 1
(46,33), 0.2, 1
(46,34), 0.2, 1
(46,35), 0.2, 1
(46,40), 0.2, 1
(46,41), 0.2, 1
(46,42), 0.2, 1
(46,44), 0.2, 1
(46,45), 0.2, 1
(46,48), 0.2, 1
(47,1), 0.2, 1
(47,2), 0.2, 1
(47,5), 0.2, 1
(47,13), 0.2, 1
(47,29), 0.2, 1
(47,40), 0.2, 1
(48,1), 0.2, 1
(48,2), 0.2, 1
(48,5), 0.2, 1
(48,13), 0.2, 1
(48,25), 0.2, 1
(48,29), 0.2, 1
(48,40), 0.2, 1
(49,1), 0.2, 1
(49,2), 0.2, 1
(49,5), 0.2, 1
(49,13), 0.2, 1
(49,25), 0.2, 1
(49,29), 0.2, 1
(49,40), 0.2, 1
