Nr_Pairs = 50
Nr_NDD = 0
0	0.8
1	0.8
2	0.8
3	0.8
4	0.8
5	0.8
6	0.8
7	0.8
8	0.8
9	0.8
10	0.8
11	0.8
12	0.8
13	0.8
14	0.8
15	0.8
16	0.8
17	0.8
18	0.8
19	0.8
20	0.8
21	0.8
22	0.8
23	0.8
24	0.8
25	0.8
26	0.8
27	0.8
28	0.8
29	0.8
30	0.8
31	0.8
32	0.8
33	0.8
34	0.8
35	0.8
36	0.8
37	0.8
38	0.8
39	0.8
40	0.8
41	0.8
42	0.8
43	0.8
44	0.8
45	0.8
46	0.8
47	0.8
48	0.8
49	0.8
(0,2), 0.2, 1
(0,7), 0.2, 1
(0,40), 0.2, 1
(0,48), 0.2, 1
(1,12), 0.2, 1
(2,1), 0.2, 1
(2,3), 0.2, 1
(2,4), 0.2, 1
(2,5), 0.2, 1
(2,6), 0.2, 1
(2,8), 0.2, 1
(2,9), 0.2, 1
(2,11), 0.2, 1
(2,12), 0.2, 1
(2,13), 0.2, 1
(2,16), 0.2, 1
(2,17), 0.2, 1
(2,18), 0.2, 1
(2,20), 0.2, 1
(2,21), 0.2, 1
(2,22), 0.2, 1
(2,25), 0.2, 1
(2,26), 0.2, 1
(2,27), 0.2, 1
(2,28), 0.2, 1
(2,29), 0.2, 1
(2,30), 0.2, 1
(2,31), 0.2, 1
(2,32), 0.2, 1
(2,33), 0.2, 1
(2,34), 0.2, 1
(2,35), 0.2, 1
(2,37), 0.2, 1
(2,38), 0.2, 1
(2,40), 0.2, 1
(2,41), 0.2, 1
(2,42), 0.2, 1
(2,43), 0.2, 1
(2,46), 0.2, 1
(2,47), 0.2, 1
(2,48), 0.2, 1
(2,49), 0.2, 1
(3,7), 0.2, 1
(3,40), 0.2, 1
(3,48), 0.2, 1
(3,49), 0.2, 1
(4,3), 0.2, 1
(4,12), 0.2, 1
(4,49), 0.2, 1
(5,4), 0.2, 1
(5,7), 0.2, 1
(5,9), 0.2, 1
(5,11), 0.2, 1
(5,12), 0.2, 1
(5,13), 0.2, 1
(5,15), 0.2, 1
(5,16), 0.2, 1
(5,17), 0.2, 1
(5,18), 0.2, 1
(5,21), 0.2, 1
(5,22), 0.2, 1
(5,25), 0.2, 1
(5,26), 0.2, 1
(5,27), 0.2, 1
(5,28), 0.2, 1
(5,29), 0.2, 1
(5,30), 0.2, 1
(5,31), 0.2, 1
(5,32), 0.2, 1
(5,33), 0.2, 1
(5,35), 0.2, 1
(5,36), 0.2, 1
(5,37), 0.2, 1
(5,38), 0.2, 1
(5,40), 0.2, 1
(5,41), 0.2, 1
(5,42), 0.2, 1
(5,43), 0.2, 1
(5,46), 0.2, 1
(5,47), 0.2, 1
(5,48), 0.2, 1
(5,49), 0.2, 1
(6,2), 0.2, 1
(6,24), 0.2, 1
(6,48), 0.2, 1
(6,49), 0.2, 1
(7,0), 0.2, 1
(7,1), 0.2, 1
(7,2), 0.2, 1
(7,4), 0.2, 1
(7,5), 0.2, 1
(7,6), 0.2, 1
(7,8), 0.2, 1
(7,9), 0.2, 1
(7,11), 0.2, 1
(7,12), 0.2, 1
(7,13), 0.2, 1
(7,15), 0.2, 1
(7,16), 0.2, 1
(7,17), 0.2, 1
(7,18), 0.2, 1
(7,22), 0.2, 1
(7,25), 0.2, 1
(7,26), 0.2, 1
(7,27), 0.2, 1
(7,28), 0.2, 1
(7,29), 0.2, 1
(7,31), 0.2, 1
(7,32), 0.2, 1
(7,33), 0.2, 1
(7,34), 0.2, 1
(7,35), 0.2, 1
(7,36), 0.2, 1
(7,37), 0.2, 1
(7,38), 0.2, 1
(7,40), 0.2, 1
(7,41), 0.2, 1
(7,42), 0.2, 1
(7,43), 0.2, 1
(7,45), 0.2, 1
(7,46), 0.2, 1
(7,47), 0.2, 1
(7,48), 0.2, 1
(7,49), 0.2, 1
(8,3), 0.2, 1
(8,49), 0.2, 1
(9,12), 0.2, 1
(9,49), 0.2, 1
(10,0), 0.2, 1
(10,1), 0.2, 1
(10,4), 0.2, 1
(10,6), 0.2, 1
(10,9), 0.2, 1
(10,11), 0.2, 1
(10,12), 0.2, 1
(10,13), 0.2, 1
(10,15), 0.2, 1
(10,17), 0.2, 1
(10,18), 0.2, 1
(10,21), 0.2, 1
(10,22), 0.2, 1
(10,24), 0.2, 1
(10,25), 0.2, 1
(10,26), 0.2, 1
(10,27), 0.2, 1
(10,28), 0.2, 1
(10,29), 0.2, 1
(10,30), 0.2, 1
(10,31), 0.2, 1
(10,32), 0.2, 1
(10,33), 0.2, 1
(10,34), 0.2, 1
(10,35), 0.2, 1
(10,36), 0.2, 1
(10,38), 0.2, 1
(10,40), 0.2, 1
(10,41), 0.2, 1
(10,43), 0.2, 1
(10,45), 0.2, 1
(10,46), 0.2, 1
(10,47), 0.2, 1
(10,48), 0.2, 1
(10,49), 0.2, 1
(11,0), 0.2, 1
(11,4), 0.2, 1
(11,5), 0.2, 1
(11,6), 0.2, 1
(11,12), 0.2, 1
(11,13), 0.2, 1
(11,15), 0.2, 1
(11,16), 0.2, 1
(11,17), 0.2, 1
(11,18), 0.2, 1
(11,21), 0.2, 1
(11,22), 0.2, 1
(11,23), 0.2, 1
(11,25), 0.2, 1
(11,26), 0.2, 1
(11,27), 0.2, 1
(11,28), 0.2, 1
(11,29), 0.2, 1
(11,30), 0.2, 1
(11,31), 0.2, 1
(11,32), 0.2, 1
(11,33), 0.2, 1
(11,35), 0.2, 1
(11,36), 0.2, 1
(11,37), 0.2, 1
(11,38), 0.2, 1
(11,40), 0.2, 1
(11,41), 0.2, 1
(11,42), 0.2, 1
(11,43), 0.2, 1
(11,44), 0.2, 1
(11,46), 0.2, 1
(11,47), 0.2, 1
(11,48), 0.2, 1
(11,49), 0.2, 1
(12,24), 0.2, 1
(12,40), 0.2, 1
(12,48), 0.2, 1
(12,49), 0.2, 1
(13,3), 0.2, 1
(13,12), 0.2, 1
(13,49), 0.2, 1
(14,1), 0.2, 1
(14,2), 0.2, 1
(14,4), 0.2, 1
(14,6), 0.2, 1
(14,9), 0.2, 1
(14,12), 0.2, 1
(14,13), 0.2, 1
(14,15), 0.2, 1
(14,17), 0.2, 1
(14,18), 0.2, 1
(14,21), 0.2, 1
(14,22), 0.2, 1
(14,23), 0.2, 1
(14,24), 0.2, 1
(14,25), 0.2, 1
(14,26), 0.2, 1
(14,27), 0.2, 1
(14,28), 0.2, 1
(14,29), 0.2, 1
(14,31), 0.2, 1
(14,32), 0.2, 1
(14,33), 0.2, 1
(14,34), 0.2, 1
(14,35), 0.2, 1
(14,36), 0.2, 1
(14,37), 0.2, 1
(14,38), 0.2, 1
(14,40), 0.2, 1
(14,41), 0.2, 1
(14,42), 0.2, 1
(14,43), 0.2, 1
(14,44), 0.2, 1
(14,46), 0.2, 1
(14,47), 0.2, 1
(14,48), 0.2, 1
(14,49), 0.2, 1
(15,19), 0.2, 1
(15,24), 0.2, 1
(15,40), 0.2, 1
(15,48), 0.2, 1
(15,49), 0.2, 1
(16,3), 0.2, 1
(16,12), 0.2, 1
(16,49), 0.2, 1
(17,12), 0.2, 1
(17,49), 0.2, 1
(18,2), 0.2, 1
(18,7), 0.2, 1
(18,48), 0.2, 1
(18,49), 0.2, 1
(19,0), 0.2, 1
(19,2), 0.2, 1
(19,4), 0.2, 1
(19,9), 0.2, 1
(19,11), 0.2, 1
(19,12), 0.2, 1
(19,13), 0.2, 1
(19,15), 0.2, 1
(19,17), 0.2, 1
(19,18), 0.2, 1
(19,21), 0.2, 1
(19,22), 0.2, 1
(19,23), 0.2, 1
(19,24), 0.2, 1
(19,25), 0.2, 1
(19,26), 0.2, 1
(19,27), 0.2, 1
(19,28), 0.2, 1
(19,29), 0.2, 1
(19,30), 0.2, 1
(19,31), 0.2, 1
(19,32), 0.2, 1
(19,33), 0.2, 1
(19,35), 0.2, 1
(19,36), 0.2, 1
(19,37), 0.2, 1
(19,40), 0.2, 1
(19,41), 0.2, 1
(19,42), 0.2, 1
(19,43), 0.2, 1
(19,46), 0.2, 1
(19,47), 0.2, 1
(19,48), 0.2, 1
(19,49), 0.2, 1
(20,3), 0.2, 1
(20,12), 0.2, 1
(20,49), 0.2, 1
(21,19), 0.2, 1
(21,24), 0.2, 1
(21,40), 0.2, 1
(21,48), 0.2, 1
(21,49), 0.2, 1
(22,4), 0.2, 1
(22,5), 0.2, 1
(22,7), 0.2, 1
(22,9), 0.2, 1
(22,11), 0.2, 1
(22,12), 0.2, 1
(22,13), 0.2, 1
(22,15), 0.2, 1
(22,16), 0.2, 1
(22,17), 0.2, 1
(22,18), 0.2, 1
(22,19), 0.2, 1
(22,21), 0.2, 1
(22,23), 0.2, 1
(22,24), 0.2, 1
(22,25), 0.2, 1
(22,26), 0.2, 1
(22,27), 0.2, 1
(22,28), 0.2, 1
(22,29), 0.2, 1
(22,31), 0.2, 1
(22,32), 0.2, 1
(22,33), 0.2, 1
(22,35), 0.2, 1
(22,36), 0.2, 1
(22,37), 0.2, 1
(22,38), 0.2, 1
(22,41), 0.2, 1
(22,42), 0.2, 1
(22,43), 0.2, 1
(22,46), 0.2, 1
(22,47), 0.2, 1
(22,48), 0.2, 1
(22,49), 0.2, 1
(23,2), 0.2, 1
(23,7), 0.2, 1
(23,24), 0.2, 1
(23,40), 0.2, 1
(23,48), 0.2, 1
(23,49), 0.2, 1
(24,4), 0.2, 1
(24,5), 0.2, 1
(24,7), 0.2, 1
(24,9), 0.2, 1
(24,11), 0.2, 1
(24,12), 0.2, 1
(24,13), 0.2, 1
(24,14), 0.2, 1
(24,15), 0.2, 1
(24,17), 0.2, 1
(24,21), 0.2, 1
(24,25), 0.2, 1
(24,26), 0.2, 1
(24,27), 0.2, 1
(24,28), 0.2, 1
(24,29), 0.2, 1
(24,30), 0.2, 1
(24,31), 0.2, 1
(24,32), 0.2, 1
(24,33), 0.2, 1
(24,34), 0.2, 1
(24,35), 0.2, 1
(24,36), 0.2, 1
(24,37), 0.2, 1
(24,38), 0.2, 1
(24,40), 0.2, 1
(24,41), 0.2, 1
(24,42), 0.2, 1
(24,43), 0.2, 1
(24,44), 0.2, 1
(24,46), 0.2, 1
(24,47), 0.2, 1
(24,48), 0.2, 1
(24,49), 0.2, 1
(25,2), 0.2, 1
(25,7), 0.2, 1
(25,40), 0.2, 1
(25,48), 0.2, 1
(25,49), 0.2, 1
(26,2), 0.2, 1
(26,8), 0.2, 1
(26,24), 0.2, 1
(26,40), 0.2, 1
(26,48), 0.2, 1
(26,49), 0.2, 1
(27,19), 0.2, 1
(27,24), 0.2, 1
(27,48), 0.2, 1
(27,49), 0.2, 1
(28,12), 0.2, 1
(28,49), 0.2, 1
(29,7), 0.2, 1
(29,40), 0.2, 1
(29,48), 0.2, 1
(29,49), 0.2, 1
(30,0), 0.2, 1
(30,4), 0.2, 1
(30,5), 0.2, 1
(30,7), 0.2, 1
(30,9), 0.2, 1
(30,10), 0.2, 1
(30,11), 0.2, 1
(30,12), 0.2, 1
(30,13), 0.2, 1
(30,15), 0.2, 1
(30,17), 0.2, 1
(30,18), 0.2, 1
(30,19), 0.2, 1
(30,21), 0.2, 1
(30,22), 0.2, 1
(30,23), 0.2, 1
(30,25), 0.2, 1
(30,26), 0.2, 1
(30,27), 0.2, 1
(30,28), 0.2, 1
(30,29), 0.2, 1
(30,31), 0.2, 1
(30,32), 0.2, 1
(30,33), 0.2, 1
(30,34), 0.2, 1
(30,35), 0.2, 1
(30,37), 0.2, 1
(30,38), 0.2, 1
(30,41), 0.2, 1
(30,42), 0.2, 1
(30,43), 0.2, 1
(30,46), 0.2, 1
(30,47), 0.2, 1
(30,48), 0.2, 1
(30,49), 0.2, 1
(31,24), 0.2, 1
(31,40), 0.2, 1
(31,48), 0.2, 1
(31,49), 0.2, 1
(32,24), 0.2, 1
(32,40), 0.2, 1
(32,48), 0.2, 1
(32,49), 0.2, 1
(33,0), 0.2, 1
(33,2), 0.2, 1
(33,4), 0.2, 1
(33,6), 0.2, 1
(33,9), 0.2, 1
(33,11), 0.2, 1
(33,12), 0.2, 1
(33,13), 0.2, 1
(33,15), 0.2, 1
(33,17), 0.2, 1
(33,18), 0.2, 1
(33,20), 0.2, 1
(33,21), 0.2, 1
(33,22), 0.2, 1
(33,25), 0.2, 1
(33,26), 0.2, 1
(33,28), 0.2, 1
(33,29), 0.2, 1
(33,31), 0.2, 1
(33,32), 0.2, 1
(33,35), 0.2, 1
(33,36), 0.2, 1
(33,37), 0.2, 1
(33,38), 0.2, 1
(33,40), 0.2, 1
(33,41), 0.2, 1
(33,42), 0.2, 1
(33,43), 0.2, 1
(33,44), 0.2, 1
(33,46), 0.2, 1
(33,47), 0.2, 1
(33,48), 0.2, 1
(33,49), 0.2, 1
(34,2), 0.2, 1
(34,7), 0.2, 1
(34,24), 0.2, 1
(34,40), 0.2, 1
(34,48), 0.2, 1
(35,24), 0.2, 1
(35,40), 0.2, 1
(35,48), 0.2, 1
(35,49), 0.2, 1
(36,24), 0.2, 1
(36,40), 0.2, 1
(36,48), 0.2, 1
(36,49), 0.2, 1
(37,7), 0.2, 1
(37,40), 0.2, 1
(37,48), 0.2, 1
(37,49), 0.2, 1
(38,49), 0.2, 1
(39,4), 0.2, 1
(39,9), 0.2, 1
(39,11), 0.2, 1
(39,12), 0.2, 1
(39,13), 0.2, 1
(39,15), 0.2, 1
(39,17), 0.2, 1
(39,18), 0.2, 1
(39,21), 0.2, 1
(39,22), 0.2, 1
(39,24), 0.2, 1
(39,25), 0.2, 1
(39,26), 0.2, 1
(39,27), 0.2, 1
(39,28), 0.2, 1
(39,29), 0.2, 1
(39,31), 0.2, 1
(39,32), 0.2, 1
(39,33), 0.2, 1
(39,34), 0.2, 1
(39,35), 0.2, 1
(39,37), 0.2, 1
(39,38), 0.2, 1
(39,40), 0.2, 1
(39,41), 0.2, 1
(39,42), 0.2, 1
(39,43), 0.2, 1
(39,46), 0.2, 1
(39,47), 0.2, 1
(39,48), 0.2, 1
(39,49), 0.2, 1
(40,3), 0.2, 1
(40,4), 0.2, 1
(40,5), 0.2, 1
(40,6), 0.2, 1
(40,9), 0.2, 1
(40,11), 0.2, 1
(40,12), 0.2, 1
(40,13), 0.2, 1
(40,15), 0.2, 1
(40,16), 0.2, 1
(40,17), 0.2, 1
(40,18), 0.2, 1
(40,21), 0.2, 1
(40,22), 0.2, 1
(40,23), 0.2, 1
(40,25), 0.2, 1
(40,27), 0.2, 1
(40,28), 0.2, 1
(40,29), 0.2, 1
(40,31), 0.2, 1
(40,32), 0.2, 1
(40,33), 0.2, 1
(40,35), 0.2, 1
(40,36), 0.2, 1
(40,37), 0.2, 1
(40,38), 0.2, 1
(40,39), 0.2, 1
(40,41), 0.2, 1
(40,43), 0.2, 1
(40,45), 0.2, 1
(40,46), 0.2, 1
(40,47), 0.2, 1
(40,48), 0.2, 1
(40,49), 0.2, 1
(41,2), 0.2, 1
(41,24), 0.2, 1
(41,40), 0.2, 1
(41,48), 0.2, 1
(41,49), 0.2, 1
(42,3), 0.2, 1
(42,12), 0.2, 1
(42,49), 0.2, 1
(43,3), 0.2, 1
(43,4), 0.2, 1
(43,6), 0.2, 1
(43,9), 0.2, 1
(43,10), 0.2, 1
(43,11), 0.2, 1
(43,12), 0.2, 1
(43,13), 0.2, 1
(43,15), 0.2, 1
(43,17), 0.2, 1
(43,21), 0.2, 1
(43,22), 0.2, 1
(43,24), 0.2, 1
(43,25), 0.2, 1
(43,26), 0.2, 1
(43,27), 0.2, 1
(43,28), 0.2, 1
(43,29), 0.2, 1
(43,30), 0.2, 1
(43,31), 0.2, 1
(43,32), 0.2, 1
(43,33), 0.2, 1
(43,35), 0.2, 1
(43,36), 0.2, 1
(43,37), 0.2, 1
(43,38), 0.2, 1
(43,40), 0.2, 1
(43,41), 0.2, 1
(43,42), 0.2, 1
(43,44), 0.2, 1
(43,45), 0.2, 1
(43,46), 0.2, 1
(43,47), 0.2, 1
(43,48), 0.2, 1
(43,49), 0.2, 1
(44,7), 0.2, 1
(44,40), 0.2, 1
(44,48), 0.2, 1
(44,49), 0.2, 1
(45,40), 0.2, 1
(45,48), 0.2, 1
(45,49), 0.2, 1
(46,0), 0.2, 1
(46,1), 0.2, 1
(46,2), 0.2, 1
(46,4), 0.2, 1
(46,8), 0.2, 1
(46,9), 0.2, 1
(46,10), 0.2, 1
(46,11), 0.2, 1
(46,12), 0.2, 1
(46,13), 0.2, 1
(46,15), 0.2, 1
(46,16), 0.2, 1
(46,17), 0.2, 1
(46,18), 0.2, 1
(46,21), 0.2, 1
(46,22), 0.2, 1
(46,23), 0.2, 1
(46,25), 0.2, 1
(46,26), 0.2, 1
(46,27), 0.2, 1
(46,28), 0.2, 1
(46,29), 0.2, 1
(46,30), 0.2, 1
(46,31), 0.2, 1
(46,32), 0.2, 1
(46,33), 0.2, 1
(46,34), 0.2, 1
(46,35), 0.2, 1
(46,36), 0.2, 1
(46,37), 0.2, 1
(46,38), 0.2, 1
(46,40), 0.2, 1
(46,41), 0.2, 1
(46,42), 0.2, 1
(46,43), 0.2, 1
(46,47), 0.2, 1
(46,48), 0.2, 1
(46,49), 0.2, 1
(47,24), 0.2, 1
(47,40), 0.2, 1
(47,48), 0.2, 1
(48,3), 0.2, 1
(48,12), 0.2, 1
(48,49), 0.2, 1
(49,0), 0.2, 1
(49,1), 0.2, 1
(49,2), 0.2, 1
(49,3), 0.2, 1
(49,4), 0.2, 1
(49,5), 0.2, 1
(49,9), 0.2, 1
(49,11), 0.2, 1
(49,12), 0.2, 1
(49,13), 0.2, 1
(49,15), 0.2, 1
(49,17), 0.2, 1
(49,18), 0.2, 1
(49,21), 0.2, 1
(49,22), 0.2, 1
(49,25), 0.2, 1
(49,26), 0.2, 1
(49,27), 0.2, 1
(49,28), 0.2, 1
(49,29), 0.2, 1
(49,30), 0.2, 1
(49,31), 0.2, 1
(49,32), 0.2, 1
(49,33), 0.2, 1
(49,35), 0.2, 1
(49,36), 0.2, 1
(49,37), 0.2, 1
(49,38), 0.2, 1
(49,40), 0.2, 1
(49,41), 0.2, 1
(49,42), 0.2, 1
(49,43), 0.2, 1
(49,44), 0.2, 1
(49,45), 0.2, 1
(49,46), 0.2, 1
(49,47), 0.2, 1
(49,48), 0.2, 1
