Nr_Pairs = 50
Nr_NDD = 0
(0,5), 0.2, 1
(0,16), 0.2, 1
(0,32), 0.2, 1
(0,44), 0.2, 1
(2,20), 0.2, 1
(5,0), 0.2, 1
(5,20), 0.2, 1
(7,13), 0.2, 1
(8,15), 0.2, 1
(9,14), 0.2, 1
(9,26), 0.2, 1
(13,15), 0.2, 1
(14,9), 0.2, 1
(15,7), 0.2, 1
(15,8), 0.2, 1
(15,35), 0.2, 1
(15,43), 0.2, 1
(16,0), 0.2, 1
(16,20), 0.2, 1
(20,2), 0.2, 1
(20,5), 0.2, 1
(20,15), 0.2, 1
(20,16), 0.2, 1
(22,45), 0.2, 1
(26,9), 0.2, 1
(30,45), 0.2, 1
(32,0), 0.2, 1
(35,47), 0.2, 1
(43,20), 0.2, 1
(43,45), 0.2, 1
(44,32), 0.2, 1
(45,15), 0.2, 1
(45,22), 0.2, 1
(45,30), 0.2, 1
(47,20), 0.2, 1
Objective Value = 1.42
Computation Time = 1
Nr Scenarios = 50
Nr Test = 35
